248
368
567
103
239
189
506
73
90
19
17
90
258
167
169
78
189
256
164
338
146
182
874
18
11
28
36
68
62
85
35
379
10
145
68
20
42
173
151
34
27
14
44
86
488
178
112
155
187
405
162
366
106
125
112
189
110
33
115
117
119
58
96
56
206
229
237
113
238
32
16
33
13
271
3
53
9
6
11
19
76
55
56
7
64
36
239
65
149
321
379
341
367
115
8
66
18
14
25
79
18
14
149
138
108
10
98
60
53
46
71
61
113
41
197
82
57
45
26
161
170
10
102
38
52
94
141
211
324
7
83
81
112
92
126
75
123
59
69
87
20
20
161
45
164
95
154
96
114
58
190
208
69
36
206
9
60
25
33
35
20
19
62
13
16
18
13
2
4
14
11
26
22
10
22
29
21
11
39
20
8
17
34
55
41
62
27
12
29
76
25
25
11
45
34
14
21
9
7
52
9
17
14
6
8
9
27
36
71
37
10
26
8
37
8
17
12
56
16
37
32
13
17
29
43
9
24
82
92
49
73
49
16
28
7
14
55
7
8
5
32
11
39
18
27
17
28
20
34
25
17
90
37
36
30
23
67
31
38
24
24
26
97
20
27
121
20
33
20
70
48
14
19
31
33
38
21
18
6
22
21
51
140
48
19
19
16
16
2
12
93
2
89
9
61
17
85
20
33
46
21
43
35
12
25
18
17
18
48
23
54
24
40
53
22
121
113
94
7
22
28
101
28
22
14
48
68
158
132
18
50
526
18
23
21
21
30
6
16
19
17
9
35
7
16
10
16
13
7
20
30
12
16
24
15
43
26
19
2
16
3
98
14
42
11
14
15
14
13
17
15
19
31
15
15
12
16
126
30
16
13
28
15
14
15
6
13
22
8
12
25
25
18
10
15
6
7
17
10
6
3
64
26
5
16
18
14
44
17
251
4
5
13
44
11
172
32
14
28
16
22
15
6
18
29
29
244
63
17
277
16
30
23
46
15
13
40
86
42
46
14
11
7
82
13
41
16
13
10
13
173
51
67
35
27
26
34
102
35
14
20
6
14
23
27
41
9
69
45
14
27
16
13
18
23
16
16
13
16
20
6
32
50
16
9
21
13
19
14
19
4
14
16
22
9
24
36
151
64
25
177
4
27
35
12
37
41
20
15
6
15
14
250
202
199
63
15
42
50
14
19
2
18
18
74
4
3
2
2
2
2
4
3
3
2
24
37
6
10
8
15
8
48
16
22
15
5
17
146
7
9
18
8
16
16
26
22
145
18
13
13
14
19
35
6
15
9
13
14
13
8
16
23
13
53
36
31
14
11
10
7
13
13
102
44
14
16
12
17
14
9
11
16
15
14
10
10
32
16
12
30
100
41
47
20
33
20
44
44
11
10
3
14
6
43
10
7
8
12
49
20
5
4
10
9
120
127
11
10
13
17
13
25
24
33
23
40
27
27
23
15
16
23
6
12
60
22
28
20
18
101
39
15
16
34
32
9
10
7
18
18
31
15
72
29
30
48
18
15
13
18
16
19
12
25
37
42
33
5
32
9
23
13
2
26
28
21
2
66
186
75
7
70
22
36
7
19
20
44
18
16
19
20
16
150
10
25
17
37
65
8
34
8
8
64
25
140
13
50
49
21
22
15
18
61
8
29
15
13
9
11
19
20
85
5
10
16
14
19
17
21
17
19
3
2
33
11
22
13
34
30
20
19
6
11
14
17
18
11
7
14
20
22
48
8
26
4
49
5
17
36
2
17
7
14
21
19
43
48
24
4
6
29
7
10
15
157
21
6
47
12
30
16
18
41
17
89
15
44
19
16
20
5
6
18
28
19
27
94
14
34
5
45
11
20
19
8
19
17
9
12
18
28
10
14
24
26
28
18
73
20
17
89
86
18
14
16
19
24
187
12
53
12
15
28
6
38
55
5
50
6
7
13
23
8
40
24
5
15
13
9
7
20
11
5
10
28
20
18
25
19
25
17
14
19
19
35
16
13
7
2
40
17
16
9
54
77
69
14
22
7
12
20
200
18
20
46
16
29
8
7
7
12
13
57
15
17
19
5
137
9
9
109
20
66
19
8
5
4
18
15
24
19
7
8
22
15
19
6
12
8
138
48
35
31
16
32
17
15
24
37
148
376
521
33
18
17
22
12
17
131
41
17
27
20
18
9
24
35
18
14
13
29
27
15
17
28
27
54
19
7
81
17
10
12
3
3
6
11
363
217
49
8
8
6
4
4
6
18
535
24
14
27
19
29
108
7
7
13
41
13
9
33
49
9
20
6
19
2
22
12
26
5
48
14
115
13
20
13
39
27
46
9
22
24
7
211
128
18
49
17
20
24
2
8
7
31
15
6
180
23
245
14
34
18
8
328
91
44
7
10
18
15
13
32
446
2
29
6
3
2
7
11
28
49
34
21
15
23
13
16
15
16
20
13
11
16
21
21
14
28
189
9
45
6
81
122
32
14
36
13
16
41
8
18
8
45
4
28
14
28
17
12
13
59
7
21
25
17
38
26
27
20
22
16
15
18
16
16
21
18
25
18
23
26
63
21
52
40
28
18
9
18
15
8
22
339
410
19
5
113
198
17
20
14
2
12
17
25
6
26
18
9
18
21
44
16
27
7
36
22
55
68
21
30
17
16
36
8
39
17
28
23
15
6
18
7
26
8
12
19
17
35
13
16
15
17
10
20
7
20
276
11
26
21
16
23
17
78
19
23
19
7
20
22
16
9
40
12
11
10
14
15
11
7
3
17
29
11
19
8
36
10
13
8
19
45
7
17
7
9
5
18
7
16
161
8
2
20
1
9
12
36
9
20
19
17
58
8
25
38
30
14
16
16
18
8
19
16
26
4
18
7
7
21
41
18
19
16
48
15
15
17
48
14
12
15
40
3
11
10
204
412
18
12
20
16
56
46
23
27
26
28
13
10
17
18
15
7
36
100
16
11
34
42
22
12
3
112
93
187
4
12
13
17
7
24
3
45
42
58
19
9
7
11
10
10
56
5
11
67
533
38
44
107
118
19
4
14
13
39
30
18
320
29
17
21
176
15
18
6
2
1321
241
18
305
28
21
34
47
23
13
46
27
13
47
9
16
19
165
13
20
8
49
101
18
24
27
437
27
30
12
63
52
17
35
20
10
23
113
15
21
13
9
4
5
4
7
12
16
6
14
14
12
12
18
12
16
14
4
13
15
3
22
12
12
19
14
6
6
21
12
26
14
32
5
9
10
6
17
8
10
19
17
2
4
4
7
12
23
17
8
4
9
4
3
2
17
7
17
16
6
23
37
17
17
35
13
19
57
7
5
21
182
7
9
48
22
23
19
13
7
25
7
32
30
65
7
16
24
50
17
35
104
8
19
55
17
36
41
171
6
23
19
36
18
30
18
22
15
59
11
4
12
19
17
18
17
17
17
17
21
22
34
8
18
15
13
23
12
5
20
23
14
31
45
17
25
22
10
22
12
8
26
14
19
8
26
13
30
7
666
3
2
48
20
61
29
22
2
23
10
30
160
15
9
176
14
32
68
68
56
80
8
34
257
24
9
18
11
29
19
14
17
32
23
52
14
17
32
30
2
81
66
47
10
24
37
19
27
141
29
32
5
5
58
88
14
14
16
18
18
6
4
34
7
8
12
661
26
39
24
37
22
21
13
16
5
38
13
45
15
28
72
20
41
49
69
35
23
17
18
19
4
7
22
11
15
17
15
31
43
10
8
17
35
44
15
179
8
22
25
6
18
7
44
8
9
39
28
23
16
8
8
13
10
14
40
19
17
117
19
28
4
18
21
28
16
16
12
5
12
9
74
23
16
25
18
17
20
45
4
12
11
16
12
31
3
19
8
12
14
47
43
31
15
16
19
21
14
12
5
19
101
45
6
18
18
55
51
47
10
8
20
64
15
24
17
30
30
21
16
27
22
10
8
13
2
33
8
20
16
26
18
95
16
2
28
27
81
11
23
24
4
20
42
89
19
5
28
6
7
35
18
29
18
18
22
18
14
18
15
17
15
14
3
374
28
17
12
22
11
10
20
67
6
8
6
8
11
20
7
12
19
21
14
23
18
17
5
23
14
8
17
53
26
21
56
15
128
14
20
12
45
32
64
17
164
432
63
29
22
13
13
7
4
4
13
7
7
6
9
9
7
33
36
21
51
31
20
21
22
55
26
26
31
19
21
58
10
25
18
7
17
20
28
90
73
35
70
30
40
19
27
19
18
16
30
191
29
16
16
19
18
31
13
13
25
7
2
25
69
58
49
27
24
51
51
26
55
94
44
36
49
94
48
110
7
47
14
9
21
8
17
5
21
22
11
8
12
19
56
34
48
50
36
9
2
6
17
4
18
15
8
12
80
8
18
14
21
26
36
10
9
30
25
14
57
15
4
16
61
10
99
27
16
168
13
23
52
17
15
45
20
2
80
53
7
13
15
20
20
12
18
15
23
22
47
13
25
6
20
42
26
18
30
40
72
7
26
24
257
219
91
86
18
20
19
67
61
14
2
16
16
21
16
7
256
16
39
31
35
12
9
22
14
18
19
38
83
19
8
22
20
55
47
27
41
20
28
18
3
11
51
5
4
5
31
45
8
166
25
4
8
22
27
21
19
59
28
29
15
55
25
25
15
45
8
23
12
24
153
47
11
11
12
35
9
2
14
11
28
51
15
19
13
14
9
25
19
23
18
80
15
20
26
21
16
20
4
8
15
10
37
28
61
20
7
8
23
20
6
4
8
25
27
16
17
16
7
36
27
14
32
33
5
26
15
30
50
4
33
26
7
19
10
33
8
18
47
140
16
6
13
25
4
19
18
18
34
120
30
13
11
15
16
18
9
15
4
18
7
18
22
17
9
31
12
8
9
44
2
13
16
42
12
21
40
21
16
33
19
13
13
18
28
26
6
27
14
19
19
86
18
17
13
7
19
20
21
2
32
35
36
11
168
18
6
5
43
30
18
17
24
258
23
10
27
7
14
89
17
2
11
16
14
43
21
48
11
31
11
18
17
12
8
17
169
15
4
14
22
27
87
12
13
11
4
31
17
12
17
25
43
45
23
32
2
18
13
35
17
13
23
16
27
21
19
17
16
9
22
36
25
16
21
20
19
27
21
27
11
18
12
17
19
26
4
3
8
9
12
32
38
62
17
706
46
33
17
8
37
26
102
16
25
11
14
36
51
21
6
3
2
19
11
19
11
47
17
83
25
2
16
9
36
31
6
26
210
7
5
4
5
5
4
4
2
2
2
2
2
2
2
2
2
2
2
2
2
2
2
4
3
3
3
2
2
2
2
5
5
2
2
2
2
2
2
2
3
2
2
4
6
4
4
2
2
2
2
2
4
2
4
2
3
3
2
2
2
2
6
2
3
6
2
2
2
2
2
4
2
5
5
3
3
2
2
4
4
6
2
2
2
5
2
3
4
4
2
3
6
5
2
2
6
3
2
2
2
2
2
2
4
2
2
2
2
2
5
3
2
2
4
4
4
2
5
6
25
14
28
11
26
5
26
7
9
16
6
17
3
21
15
15
24
10
102
34
9
16
36
14
17
6
21
64
36
15
7
16
23
6
5
5
41
17
3
5
22
6
24
5
3
8
12
8
17
24
6
12
15
15
16
11
7
34
11
13
12
26
6
6
6
3
32
33
34
5
5
4
7
3
54
16
20
14
20
19
7
15
60
67
67
43
44
16
56
25
136
90
132
19
61
15
12
91
71
2
20
2
42
16
8
32
105
156
53
10
19
317
16
11
12
26
53
10
11
19
18
32
156
99
21
9
2
23
16
15
103
7
16
35
14
7
13
304
2
8
16
22
33
14
7
235
5
5
56
6
267
5
150
16
8
13
21
5
6
13
5
18
47
15
2
7
75
47
5
20
15
11
29
19
6
36
15
5
9
12
23
169
14
16
14
16
7
31
13
16
2
37
22
4
7
5
8
5
34
7
12
5
10
6
106
66
22
42
29
42
130
8
27
45
7
6
55
14
10
8
5
19
8
5
17
20
6
17
4
5
10
2
172
4
7
15
78
8
25
18
3
2
131
589
27
17
5
75
25
17
242
124
15
34
19
16
23
5
5
17
12
14
8
13
18
6
8
126
72
2
32
156
79
69
44
8
10
211
4
5
4
3
5
5
5
5
5
8
2
2
2
2
2
2
2
4
6
6
5
4
4
2
4
4
2
4
3
2
2
4
5
4
3
8
3
3
2
6
6
2
2
4
4
5
3
2
3
2
2
4
2
3
3
2
2
2
3
2
4
4
2
2
2
2
2
4
2
2
2
2
2
2
2
2
2
2
5
2
1
2
2
2
1
2
5
2
2
2
2
2
2
2
2
2
2
2
3
2
2
2
2
2
2
3
2
2
2
2
2
2
2
2
4
4
2
5
2
2
5
2
2
3
2
2
2
2
2
3
2
2
2
2
3
3
2
2
2
2
3
2
4
5
2
3
2
2
2
2
2
2
2
2
2
2
4
3
2
2
4
2
4
2
2
4
2
2
3
2
3
4
3
2
2
2
3
2
2
2
2
2
3
2
3
3
3
3
2
3
4
3
3
3
2
2
4
2
2
2
2
2
2
3
3
2
4
2
2
4
2
4
2
2
2
2
2
2
2
2
2
2
2
2
2
2
2
2
2
2
2
2
2
2
2
2
2
2
2
2
2
2
2
2
2
2
2
2
2
2
2
4
4
5
3
2
2
2
2
2
2
2
2
2
3
2
2
2
2
4
4
4
2
2
2
2
2
2
2
3
2
2
2
2
2
4
2
3
2
2
2
2
2
4
3
2
2
3
2
2
2
2
2
2
2
2
2
2
2
2
2
2
4
4
2
2
2
2
2
2
3
3
2
2
3
3
2
2
2
2
5
2
2
2
2
6
2
2
2
2
2
2
2
2
2
2
2
2
4
2
2
2
2
2
4
2
2
2
2
2
2
3
2
2
2
2
3
2
3
4
4
3
2
4
2
2
2
2
2
2
2
2
2
2
2
2
2
2
4
2
2
5
2
2
3
3
3
3
2
2
2
2
3
2
5
3
2
2
2
5
2
3
2
4
3
3
5
2
2
2
4
3
2
2
2
2
2
2
3
3
2
2
2
2
4
2
2
2
2
2
2
2
2
2
4
2
3
2
2
2
2
2
2
2
2
2
2
2
2
2
2
2
2
2
2
2
2
2
3
3
2
2
2
2
2
2
3
2
2
2
6
2
2
2
2
2
2
2
2
4
2
2
2
2
2
4
3
2
3
2
4
2
2
2
2
2
5
15
29
24
17
27
52
19
10
495
15
11
41
41
53
35
20
31
29
26
17
85
21
54
22
77
6
39
23
19
15
56
17
27
113
16
27
31
24
23
28
25
3
41
85
37
2
20
18
52
109
108
25
14
37
6
39
14
24
9
11
19
21
24
9
69
59
24
13
74
27
28
9
8
60
6
6
95
3
5
17
8
17
14
40
11
16
4
11
7
43
30
4
17
17
5
22
14
13
15
47
81
253
10
1434
8
23
17
8
10
13
16
20
137
6
17
17
27
8
3
2
2
162
76
3
124
27
24
7
8
15
42
20
54
31
7
7
3
12
15
8
18
30
19
14
37
20
104
20
39
8
7
8
7
13
5
10
20
37
44
8
39
79
20
53
221
25
20
9
8
4
9
11
16
47
8
16
10
55
8
17
9
9
20
3
14
6
31
14
8
6
9
14
7
27
22
17
15
11
76
11
13
6
10
29
26
16
61
25
36
40
24
36
19
20
25
15
35
20
8
23
16
20
22
20
12
63
12
6
18
3
9
17
24
42
22
28
32
35
22
12
34
40
4
25
3
16
32
31
18
4
15
29
18
25
14
24
37
32
12
65
8
5
18
98
7
17
4
22
7
34
21
8
24
22
4
20
10
31
8
9
24
17
5
33
30
25
20
22
13
22
18
17
17
26
24
16
35
27
10
16
15
21
36
160
11
8
34
26
28
12
25
18
44
44
32
3
2
18
22
32
4
9
45
10
2
28
21
14
2
25
4
34
6
9
2
9
8
8
114
13
19
30
61
6
22
28
21
10
12
17
4
16
5
10
41
35
15
14
36
18
18
19
7
6
20
8
16
15
19
39
40
29
37
18
30
26
8
20
7
89
22
9
7
4
32
10
8
18
26
10
21
41
35
4
7
4
5
7
8
8
5
15
20
5
15
21
17
7
21
15
2
14
139
34
52
6
26
14
34
46
17
39
13
17
18
27
48
26
22
99
23
21
6
21
16
6
22
24
13
16
38
8
17
13
11
18
21
48
16
5
8
15
17
14
7
17
37
11
42
11
5
106
134
14
29
22
37
35
39
77
5
10
32
16
21
18
27
34
35
49
21
21
15
107
12
16
19
16
10
73
9
4
52
29
7
15
15
26
16
31
16
16
16
19
6
218
9
18
65
30
14
18
16
28
5
28
22
13
26
19
133
24
6
21
6
7
6
30
20
15
22
25
13
15
12
3
20
24
29
8
156
34
106
9
9
2
16
7
23
5
8
23
36
21
24
16
8
16
24
13
18
20
19
85
8
4
5
5
23
85
21
8
15
6
16
16
8
14
19
24
27
5
15
13
69
124
70
18
23
10
16
19
4
9
12
10
3
4
49
22
7
11
15
4
8
13
19
12
49
20
7
29
3
13
8
9
6
59
18
101
36
5
19
4
23
25
20
34
10
2
16
4
31
7
12
522
344
18
46
17
38
17
26
6
7
15
29
10
9
48
123
3
20
18
51
15
9
9
10
34
9
2
16
16
15
8
2
19
14
4
4
4
3
14
3
3
16
126
12
57
22
34
108
23
18
15
53
47
61
20
20
120
280
4
20
17
6
4
7
5
13
9
17
129
12
12
94
2
2
3
2
4
3
2
10
12
12
2
2
2
2
2
2
21
66
11
43
47
22
174
41
24
3
20
28
2
120
52
21
36
126
17
18
11
42
6
26
16
19
64
50
38
11
22
16
104
32
30
16
7
8
17
50
16
13
31
26
10
2
18
58
10
8
15
31
16
3
66
7
27
18
24
15
13
16
17
20
15
29
148
7
20
10
38
5
5
11
20
15
16
5
7
74
69
14
9
43
2635
4
5
3
5
3
6
7
2
2
4
2
2
4
5
3
6
4
3
2
4
3
2
2
2
2
2
4
4
2
4
4
2
3
2
4
4
4
4
2
2
2
2
3
2
4
4
4
4
4
2
2
2
4
2
3
2
2
2
14
32
18
18
13
7
7
15
114
27
9
20
21
14
15
16
7
19
22
15
13
24
8
5
20
45
41
23
26
20
13
16
9
37
31
17
15
12
16
17
38
12
14
24
14
24
16
18
14
10
20
9
19
4
9
10
11
48
11
26
3
14
14
6
31
10
2
5
23
20
30
18
17
24
47
73
11
13
17
15
51
17
29
10
20
7
6
24
42
2
31
2
7
17
6
7
6
123
8
203
20
40
11
23
3
46
11
15
15
16
14
15
26
19
2
15
4
15
14
28
54
39
26
7
6
18
20
5
41
11
23
8
17
28
5
15
12
2
7
7
14
23
26
57
29
20
31
14
19
13
32
3
23
65
56
23
9
27
14
51
10
6
6
7
9
8
8
33
16
14
39
30
2
7
48
8
6
10
15
51
26
18
4
12
15
14
28
14
17
7
5
14
12
18
18
23
6
6
18
11
7
6
54
15
19
30
11
104
26
14
15
15
12
19
18
19
15
48
6
7
21
9
7
8
30
21
9
11
11
16
16
25
32
6
14
23
26
15
2
5
25
25
4
8
27
49
3
13
8
85
9
25
14
18
85
17
31
23
22
26
33
6
19
3
6
17
10
12
32
15
15
15
8
17
6
10
18
20
15
7
2
2
3
2
2
2
3
2
2
4
2
2
2
2
2
2
2
3
13
6
17
39
60
6
24
18
26
19
17
25
53
21
15
30
53
8
7
22
27
10
15
18
37
18
24
30
21
16
129
8
6
6
8
15
32
73
26
26
9
18
8
7
15
5
21
23
12
161
53
23
39
19
33
8
354
3
75
16
19
18
4
16
13
12
4
6
12
6
27
37
7
30
17
7
4
3
7
6
7
13
16
20
4
22
46
41
22
17
48
18
28
7
230
19
28
35
7
333
86
127
249
40
56
250
346
184
54
109
18
25
104
11
7
10
2
16
15
15
6
46
9
18
57
5
9
5
17
17
48
16
16
25
14
15
15
10
18
50
32
51
47
15
13
10
9
14
18
58
25
5
5
55
14
14
62
22
52
36
59
2
18
42
16
47
22
70
4
4
17
18
6
13
13
32
21
70
19
24
91
31
21
35
18
26
30
18
28
56
9
58
66
13
31
37
2
3
36
24
40
22
15
18
14
1270
78
24
27
13
16
20
12
13
14
27
9
6
10
2
7
25
37
17
2
8
70
13
16
44
35
57
27
20
9
29
7
15
10
41
22
853
99
233
86
11
54
19
4
146
12
7
6
17
19
7
30
11
60
9
7
17
20
8
8
24
10
20
75
2
4
45
58
5
5
21
8
46
19
6
9
15
28
21
62
16
17
4
21
14
5
769
2
20
8
13
18
7
7
8
14
8
5
7
6
5
16
12
6
8
5
8
5
23
6
7
12
9
9
9
34
15
17
2
11
18
15
15
23
339
127
341
45
110
202
109
257
40
3
5
16
46
19
34
15
21
139
5
14
5
24
16
13
11
50
10
81
7
6
493
23
35
78
26
22
8
11
15
18
8
9
136
5
4
8
9
19
29
49
28
35
8
39
57
21
60
145
23
44
13
19
36
20
35
19
44
19
142
19
89
26
21
10
23
10
5
8
11
12
17
118
16
44
10
43
22
60
19
22
30
103
7
9
15
11
7
17
94
45
12
34
29
90
43
12
4
34
54
8
12
745
17
12
5
5
49
11
22
6
22
7
7
2
35
12
42
77
2
2
40
5
196
25
17
4
11
7
2
24
2
97
5
7
16
43
59
21
5
1435
1276
1727
72
238
74
371
275
522
13
13
60
165
17
26
11
228
270
275
72
275
141
286
21
31
42
31
16
2
9
17
18
38
23
42
22
86
40
10
315
49
24
14
21
944
159
11
20
23
15
25
8
23
6
24
19
5
21
80
89
47
23
17
66
19
93
2
48
34
20
11
53
30
61
15
28
86
15
17
24
24
26
25
46
44
67
28
43
62
47
25
16
8
17
10
16
12
11
28
34
10
35
91
24
812
65
17
32
98
3
9
11
56
34
286
8
7
18
13
8
18
11
6
17
10
12
10
12
19
14
5
9
10
3
14
8
9
7
10
12
8
7
14
11
5
12
3
12
9
15
10
9
10
12
17
8
15
12
12
8
6
7
10
22
4
9
7
14
5
8
11
15
14
9
11
4
7
15
13
21
17
12
10
5
10
12
17
14
15
8
6
5
2
12
33
5
38
18
2
4
8
8
29
9
9
4
22
2
27
11
9
9
20
2
12
12
7
15
29
15
65
21
11
14
28
10
8
11
16
18
21
31
596
37
40
22
33
10
16
42
22
2
16
30
7
12
30
2
44
43
23
24
18
14
76
38
21
651
7
370
60
20
154
4
5
2
37
70
103
306
6
22
33
20
28
16
28
23
5
6
14
10
19
4
2
32
16
14
17
116
268
489
17
17
14
36
176
42
9
15
7
25
25
13
7
9
37
8
28
17
22
2
19
6
15
35
9
15
40
20
20
8
12
9
27
80
14
6
44
40
37
14
14
13
13
20
21
16
9
20
21
341
4
20
11
20
4
23
15
27
3
4
53
33
15
9
26
11
33
17
15
2
28
4
22
51
20
22
7
42
13
37
23
15
45
13
16
2
65
34
13
10
2
4
105
81
73
49
94
56
17
17
22
11
2
117
20
40
14
11
19
40
4
2
25
66
35
94
33
25
10
16
24
17
24
8
13
4
4
2
18
17
17
52
39
48
22
10
20
135
39
28
19
25
10
6
5
17
11
22
18
26
66
59
65
43
8
39
8
14
18
35
24
5
59
13
5
50
9
21
22
21
7
17
32
1
25
13
2
38
723
121
93
32
16
72
17
43
65
16
10
9
35
24
25
22
64
14
191
15
9
4
2
12
90
74
35
24
18
18
83
11
79
9
8
27
4
5
17
12
21
16
4
23
25
27
11
63
12
20
34
27
34
61
89
10
52
28
15
2
17
23
18
15
11
1916
275
3
50
98
8
21
39
21
46
40
90
34
29
50
8
25
24
25
25
26
457
119
5
6
32
31
18
342
1003
16
12
23
31
27
18
16
27
8
852
11
1
20
38
10
23
23
11
13
5
7
32
14
61
20
14
23
28
19
36
16
21
74
19
28
8
15
21
15
17
17
17
6
9
18
7
17
47
4
6
455
4
8
22
19
27
19
8
18
45
11
20
17
19
19
8
20
19
49
29
40
4
28
2
36
8
6
4
36
24
2
4
20
119
8
8
26
92
18
25
17
3
30
18
18
17
20
39
14
23
14
40
273
95
1114
634
13
10
16
15
20
11
776
108
15
24
180
4
17
5
25
12
20
49
48
15
6
21
7
10
20
20
18
8
32
8
142
28
17
7
40
5
19
23
8
26
14
45
170
6
11
5
126
11
30
19
32
29
56
10
20
8
25
7
27
18
454
131
32
12
8
37
14
21
11
20
13
15
26
22
22
14
15
12
9
184
103
15
14
14
188
456
58
13
14
53
16
2
62
74
13
3
46
74
24
81
84
32
36
19
111
25
30
42
46
13
131
54
115
2
53
5
55
40
22
35
40
2
12
8
69
25
22
14
6
15
24
130
5
18
46
30
6
42
75
19
17
15
143
61
59
29
110
92
75
72
394
35
28
42
31
76
35
23
23
54
497
204
678
20
92
69
21
16
16
31
29
41
201
36
112
22
18
15
5
78
60
21
7
10
7
22
23
2
16
9
2
12
19
40
2
5
70
5
15
32
27
39
22
10
25
13
25
8
15
9
13
15
9
20
19
13
38
10
17
58
266
62
73
28
11
41
260
36
87
30
19
3
41
46
29
31
6
17
41
28
32
5
115
33
13
343
11
12
48
24
23
6
14
13
28
17
11
19
9
22
7
40
16
24
52
69
8
16
51
22
38
39
56
14
9
25
28
6
15
13
10
9
13
4
23
15
13
128
23
33
25
13
35
12
33
16
15
18
12
34
50
11
8
13
47
19
31
23
12
8
65
28
9
71
28
45
24
23
253
23
26
5
19
4
24
18
8
10
48
13
6
11
22
25
91
10
14
38
16
34
23
2
47
46
15
4
15
8
150
10
32
9
27
9
14
23
6
9
33
47
24
22
10
32
44
44
18
22
24
4
33
9
18
13
26
31
20
21
17
79
262
8
25
26
29
15
19
9
22
22
20
51
12
24
15
10
13
17
17
88
19
65
39
19
6
7
4
39
10
35
27
31
45
10
21
5
13
7
26
13
6
26
32
45
19
195
31
5
2
13
9
14
9
10
8
21
7
42
21
26
48
28
25
21
8
14
82
16
12
7
21
17
20
19
23
2
27
13
29
27
6
46
34
47
37
19
23
2
11
21
37
13
16
47
40
10
15
48
13
15
7
21
15
64
34
43
11
18
6
66
2
73
5
22
27
71
11
27
2
19
10
24
31
54
12
8
18
22
21
10
94
28
2
17
15
22
27
7
13
24
6
20
21
15
18
16
23
17
15
27
21
44
9
17
61
69
19
13
5
24
52
54
33
30
7
26
132
42
13
17
26
137
13
10
8
19
19
7
52
56
15
12
16
33
27
26
22
39
53
26
8
7
7
5
7
86
15
24
44
16
18
35
10
4
4
3
27
3
40
31
48
15
3
19
77
41
14
15
26
37
25
19
13
3
22
19
57
4
29
23
28
20
3
13
18
3
19
60
8
79
13
17
14
31
20
27
12
3
31
3
19
21
29
3
14
89
3
27
25
12
14
23
19
22
18
43
28
12
13
12
4
3
26
363
4
17
22
20
12
3
19
13
25
15
21
108
3
11
28
20
35
17
25
20
7
9
3
16
13
24
14
15
22
51
24
6
25
15
14
9
7
3
2
79
8
27
26
16
6
32
23
36
60
25
36
16
12
37
27
31
30
69
4
39
22
5
4
145
21
18
7
69
132
4
27
17
31
3
15
18
11
14
15
21
11
24
46
14
14
17
10
28
8
8
21
32
16
16
4
2
18
35
18
28
15
29
14
12
8
53
7
10
14
24
19
6
33
3
5
5
188
45
53
104
17
9
4
16
12
20
11
10
6
6
11
20
13
7
39
24
12
16
5
4
4
42
18
7
7
23
25
20
45
26
4
100
47
6
24
15
15
9
13
23
49
16
14
15
14
48
16
17
5
2
4
4
58
13
31
52
18
10
15
74
21
7
42
28
4
20
16
47
10
4
37
30
14
44
14
17
8
67
14
36
8
17
19
14
3
14
20
15
6
4
22
9
3
18
6
13
4
46
21
39
90
9
2
64
9
21
10
25
12
6
21
21
14
11
14
24
35
20
74
15
12
13
10
6
11
22
28
14
23
19
7
59
15
3
3
15
12
6
15
9
15
39
15
15
23
5
2
20
85
5
19
5
27
15
18
5
19
20
68
15
38
15
15
33
2
5
35
29
4
40
16
10
16
5
9
53
17
11
7
15
10
68
46
18
30
10
4
10
4
12
11
14
7
19
47
13
19
16
23
21
19
4
33
13
19
5
15
12
3
57
2
21
12
68
22
15
40
26
10
12
48
11
21
3
9
17
21
23
11
3
43
20
14
33
30
5
13
8
5
3
27
24
18
18
3
9
52
5
28
11
12
43
2
561
159
302
9
4
4
4
11
42
29
36
19
5
27
40
13
4
9
33
30
3
2
4
16
31
29
2
25
16
11
17
17
8
27
20
4
14
34
2
2
21
14
9
8
19
24
3
12
42
3
9
30
10
3
29
13
84
2
27
15
15
18
18
5
20
5
18
84
9
16
18
14
12
18
19
18
40
17
16
19
3
24
13
12
17
40
37
3
20
4
4
27
19
26
28
26
62
21
14
28
7
2
22
16
33
13
9
16
24
15
19
20
23
24
18
49
9
18
87
45
36
12
38
165
25
9
17
7
4
5
100
58
15
26
56
48
39
42
17
20
13
41
10
54
11
14
25
46
18
83
21
24
15
27
22
17
7
8
12
57
21
14
22
8
11
30
25
54
12
2
14
64
5
13
32
18
22
16
26
14
10
11
43
23
3
16
18
21
61
205
20
2
7
21
16
18
24
71
5
2
19
26
156
18
26
125
10
33
19
408
13
14
97
23
4
7
19
35
14
24
17
15
5
18
47
59
8
9
18
27
19
61
12
15
20
17
21
33
28
38
37
18
20
14
20
16
12
34
30
14
23
24
18
15
28
21
24
45
23
22
23
23
35
10
63
64
182
12
15
44
8
314
10
23
17
16
25
3
14
14
34
34
16
11
14
26
20
16
15
10
9
15
32
14
27
26
40
25
186
20
42
18
15
15
35
16
16
19
17
16
26
79
24
12
16
16
21
18
14
10
19
38
24
120
20
20
24
14
11
7
13
20
21
14
26
12
25
5
25
3
6
17
20
12
13
61
13
16
4
35
18
68
32
15
16
15
56
20
18
29
36
9
25
27
48
27
5
13
17
22
75
26
28
28
29
9
26
19
26
14
23
21
36
39
45
14
14
29
97
26
61
10
17
24
12
91
14
26
92
30
26
12
19
43
60
14
11
19
51
98
34
22
31
21
39
13
77
26
95
16
31
14
28
27
28
18
31
54
4
18
16
18
12
22
22
20
18
17
28
16
6
19
54
9
28
20
20
47
9
23
24
36
32
29
74
29
38
37
20
19
256
17
11
60
31
28
39
33
29
3
34
16
60
41
17
14
152
13
108
62
44
189
7
42
38
51
20
17
12
17
31
8
94
21
15
27
17
26
50
9
42
60
23
15
116
39
26
16
39
10
45
25
14
49
9
14
18
8
35
18
93
16
11
34
25
109
21
14
51
10
8
22
22
17
23
21
17
21
25
6
16
21
12
13
14
32
16
17
26
23
9
13
41
72
19
23
25
23
29
18
33
14
20
25
13
52
21
17
112
30
18
30
28
26
9
19
19
13
13
12
8
48
29
6
36
17
19
23
4
62
30
19
140
18
45
59
24
125
21
43
26
29
48
21
22
48
17
13
70
16
7
25
33
36
11
24
35
12
5
13
30
16
23
24
12
36
39
19
28
43
79
35
53
31
27
16
53
13
35
11
32
19
17
27
11
12
31
24
6
45
45
8
18
27
13
37
60
14
12
21
15
4
28
21
12
19
106
18
13
43
20
50
11
17
11
28
44
46
23
46
25
34
17
17
15
4
15
16
10
6
27
27
11
71
33
16
34
12
16
25
26
17
39
23
19
14
64
95
13
22
16
21
5
20
74
9
19
11
18
15
20
56
19
47
26
17
99
14
23
135
141
14
22
138
26
59
12
35
15
30
36
43
11
19
17
27
22
25
20
78
3
10
44
24
12
2
16
5
2
15
19
5
12
30
13
26
10
250
117
21
31
40
51
14
698
14
24
13
7
15
7
34
9
14
2
8
13
11
16
30
16
49
91
22
3
19
17
16
57
16
21
22
18
8
8
19
10
7
40
15
6
25
17
22
8
34
33
47
25
52
20
5
14
5
14
11
20
12
8
9
8
19
5
268
12
38
23
15
18
19
27
18
16
5
6
19
24
91
11
2
22
17
11
14
11
7
4
31
10
34
9
49
14
14
87
68
32
17
18
23
17
6
22
6
46
18
26
178
16
5
18
15
17
23
19
12
4
4
6
14
52
22
22
8
9
5
185
18
25
2
2
9
122
22
22
193
2
10
22
26
31
7
62
21
46
58
15
68
4
5
148
27
38
25
18
49
7
6
4
104
2
16
4
33
4
6
43
31
18
49
4
23
22
54
7
12
4
15
11
19
2
18
146
2
28
163
17
125
16
69
130
10
110
30
36
45
10
6
14
453
30
7
15
18
19
29
15
3
33
109
10
20
35
17
17
15
41
31
2
37
17
17
17
21
43
19
11
70
22
21
2
32
36
68
27
18
17
25
2
25
70
8
52
28
75
41
17
3
16
13
2
26
56
93
17
38
50
12
2
27
2
79
11
110
12
17
15
20
18
40
36
27
16
72
48
16
9
32
37
23
10
80
15
17
11
24
17
28
10
3
34
32
8
97
2
35
15
45
52
49
24
13
30
30
7
86
13
6
153
38
142
22
50
35
2
2
6
37
16
24
14
6
18
32
7
23
56
9
107
6
4
34
11
27
50
22
17
56
31
2
5
28
24
6
17
2
54
10
8
13
8
14
14
20
82
19
34
22
24
14
12
14
2
15
19
21
21
53
22
12
9
24
12
32
16
10
24
25
15
19
20
17
24
24
13
5
35
18
7
23
21
7
31
2
12
3
18
17
17
105
14
31
2
27
15
29
63
22
113
32
73
26
6
36
17
5
10
20
114
20
38
40
20
15
14
15
15
22
21
60
60
37
9
25
12
16
20
21
13
8
29
46
7
2
26
7
20
83
94
248
66
24
37
53
23
11
26
22
188
25
21
53
48
312
137
256
17
34
42
2
180
33
36
87
24
2
17
99
23
17
2
6
16
12
12
2
8
14
2
2
2
127
26
19
25
12
17
5
21
2
21
2
25
37
15
4
36
10
5
14
6
24
39
135
33
6
121
16
17
90
30
16
7
12
7
17
25
15
111
34
12
5
51
15
18
2
58
18
9
65
8
17
6
20
42
20
16
65
20
5
21
29
8
23
19
15
19
8
11
34
15
26
35
8
240
64
61
22
84
16
59
10
2
16
21
35
6
4
21
23
2
4
2
36
9
4
20
24
7
6
4
13
10
34
11
14
11
14
80
13
18
2
41
31
21
13
8
9
8
9
8
7
5
19
4
23
11
14
5
6
39
4
10
5
18
6
39
17
7
23
16
13
16
2
21
5
9
7
5
7
10
59
20
2
17
6
13
33
5
102
19
7
8
25
9
5
17
44
14
5
31
22
12
30
32
4
21
88
21
18
37
44
6
2
4
42
7
14
10
5
15
2
14
16
57
2
3
17
11
10
12
6
34
18
10
15
22
2
13
17
490
22
29
9
123
36
31
5
8
18
12
61
8
63
20
42
13
5
33
4
12
17
30
24
21
16
14
70
47
41
69
71
19
14
21
59
53
2
152
18
14
13
19
27
16
16
20
17
10
71
9
24
276
37
14
22
38
14
82
88
40
21
13
24
49
19
30
218
27
64
12
17
183
590
3
4
17
14
169
165
93
10
16
17
51
28
98
25
30
48
13
17
21
8
19
47
123
20
22
16
19
37
12
26
121
37
41
28
18
56
9
43
40
386
11
20
13
19
221
58
52
53
28
24
6
15
3
17
4
3
8
9
46
8
18
12
3
17
2
2
19
4
14
2
6
19
18
6
12
15
7
35
22
24
82
20
34
43
55
23
69
24
5
42
45
10
42
10
12
15
21
13
20
124
4
39
23
38
164
46
306
42
18
19
7
6
19
25
20
18
54
32
21
34
22
97
21
26
44
33
5
54
94
15
21
15
6
15
20
105
98
24
59
5
25
23
30
12
29
20
20
12
16
22
17
21
17
14
29
15
19
61
12
44
24
173
207
20
17
18
31
14
10
90
50
9
4
50
15
29
71
17
22
39
18
23
13
19
18
18
17
16
68
93
35
18
19
19
15
32
18
40
88
32
23
21
66
26
16
15
3
4
11
16
51
37
72
20
80
27
21
27
6
29
17
30
24
23
18
16
108
45
85
6
83
18
4
33
19
51
100
45
16
14
26
17
253
29
34
53
8
20
6
15
15
60
8
25
8
4
10
33
44
87
55
18
44
23
27
20
16
139
60
4
9
15
13
2
36
19
20
25
13
48
16
20
65
186
157
6
4
32
32
16
2
15
18
29
20
97
24
35
17
12
14
5
21
5
5
22
4
19
28
13
27
56
68
18
16
20
31
41
27
54
20
10
6
22
17
15
21
91
90
10
2
5
119
22
17
4
40
36
991
18
64
56
38
5
18
62
10
18
18
4
22
13
40
209
446
36
16
27
17
61
50
14
362
10
4
6
8
29
4
2
8
8
23
63
8
8
10
6
21
23
84
17
16
18
13
18
34
4
25
28
69
69
158
221
13
101
52
43
9
21
20
11
13
15
4
4
9
11
8
14
154
4
67
11
301
37
10
51
9
16
50
7
6
67
154
41
9
25
84
5
17
68
45
29
463
366
67
21
24
23
29
38
17
2
16
16
6
50
13
18
16
2
5
10
14
33
14
28
6
21
5
2
16
20
7
47
21
22
36
64
23
11
29
31
59
23
5
10
44
24
18
15
57
32
35
20
29
40
11
21
7
8
21
13
16
69
6
14
112
2
34
2
50
2
35
24
10
18
2
17
14
28
18
109
35
15
14
2
88
19
57
15
28
15
7
98
19
2
41
13
16
2
28
18
5
71
73
12
31
17
15
13
29
216
20
16
39
87
47
25
39
49
12
33
7
12
14
20
27
6
24
24
16
26
24
10
11
17
21
123
5
4
23
8
21
23
8
18
59
23
36
6
22
42
11
5
6
9
2
30
20
21
3
646
4
22
32
5
12
35
225
5
4
14
88
34
39
16
60
27
18
3
37
44
2
88
52
145
67
423
9
28
46
12
96
869
349
29
244
24
131
12
14
16
17
13
3
86
14
21
123
22
52
39
27
17
39
45
10
84
46
28
225
12
17
7
35
11
19
9
22
18
32
14
20
9
22
16
7
22
10
89
39
38
34
23
2
22
20
11
33
15
16
15
31
48
19
13
17
321
219
156
65
20
55
37
27
12
52
18
102
8
5
10
6
18
21
32
26
27
5
6
23
27
463
12
19
29
3
2
14
4
23
16
8
40
25
16
33
67
18
71
33
40
20
34
18
28
102
46
24
84
15
11
4
19
9
19
4
48
28
5
7
78
20
3
11
222
50
13
49
21
14
139
125
18
26
30
4
16
11
18
16
19
94
12
38
6
13
21
28
64
32
4
121
10
2
25
32
360
26
45
11
18
59
11
2
2
18
4
7
11
60
20
23
2
3
37
12
12
4
30
43
3
27
4
30
25
18
7
20
76
75
72
8
13
19
21
57
46
19
17
22
39
43
32
32
17
7
9
25
63
9
235
53
15
15
101
116
4
33
337
21
224
32
7
11
3
336
13
521
15
17
17
6
67
6
26
12
16
19
26
4
20
28
20
16
27
30
22
20
26
5
48
12
105
17
38
191
385
3
3
1502
30
16
127
36
2
6
103
27
7
22
51
19
35
22
4
20
30
8
18
26
38
61
19
19
50
15
10
32
90
44
86
13
12
19
8
9
25
18
30
20
23
31
98
20
126
73
25
20
17
42
4
46
11
18
76
9
21
18
19
24
15
7
61
48
21
16
22
28
51
50
17
35
8
11
23
17
18
13
2
2
2
18
25
188
5
6
9
103
6
19
77
7
6
31
29
8
14
4
18
17
48
11
45
18
628
31
15
56
17
8
56
16
5
59
34
14
324
27
20
58
15
12
38
46
37
29
14
29
2
21
23
2
2
28
25
19
24
25
10
147
31
45
207
38
6
14
9
16
3
50
26
171
18
5
71
18
14
11
6
18
68
17
16
23
12
16
6
4
2
96
2
10
53
15
7
20
5
5
10
86
14
21
13
8
8
109
8
32
70
15
15
16
4
7
25
6
12
72
19
18
36
21
16
21
224
8
65
20
124
6
13
238
17
28
4
16
19
39
10
13
17
13
3
20
9
2
4
34
5
238
8
3
122
5
17
40
2
20
18
20
46
40
29
25
20
23
9
3
78
28
155
8
20
29
2
19
17
169
35
20
20
151
17
102
26
16
143
13
64
44
22
16
94
98
2
5
16
17
18
23
7
163
17
70
32
28
18
6
48
15
17
55
22
45
20
22
28
70
93
64
21
22
14
16
13
2
45
19
20
5
77
8
21
22
30
25
32
74
8
20
17
28
64
9
8
17
32
6
128
18
19
13
6
13
47
4
39
16
23
18
32
19
35
45
17
20
33
19
12
13
10
23
17
17
17
26
462
13
37
94
27
34
9
14
14
18
27
37
45
11
22
78
9
442
7
31
7
19
36
33
4
2
51
29
20
49
10
2
19
15
23
86
11
23
8
7
3
28
8
15
2
8
22
6
19
11
1361
35
42
323
29
5
99
137
16
12
6
16
7
12
17
5
26
102
85
69
8
4
24
32
8
20
2
18
65
2
31
22
39
4
22
18
57
11
26
15
38
4
8
29
36
16
14
22
6
6
16
19
10
20
19
8
15
58
4
17
85
67
12
42
31
2
34
12
23
51
41
17
248
24
19
83
48
19
14
34
41
6
27
19
21
21
17
13
17
56
46
22
16
20
3
17
24
16
10
220
9
19
15
15
56
14
2
2
27
2
9
7
21
3
5
2
5
2
5
31
23
2
2
22
2
38
24
16
42
2
94
18
11
17
2
16
17
18
18
110
61
5
9
9
4
23
4
15
17
11
22
2
6
83
12
244
73
15
99
2
3
40
8
24
17
2
6
6
2
15
14
17
17
14
197
3
111
3
2
16
2
201
27
4
13
2
4
8
2
20
14
6
10
2
2
2
31
2
2
16
22
8
35
11
48
17
8
92
21
29
18
30
25
28
8
6
6
73
10
15
22
8
10
18
52
36
6
8
22
5
7
6
33
48
40
24
19
11
8
20
15
6
25
25
72
18
41
8
44
7
16
26
20
7
20
8
57
28
15
8
17
59
28
87
56
14
15
6
6
8
69
27
49
27
9
588
15
8
16
53
16
14
15
27
5
12
20
7
10
22
33
14
49
19
25
6
22
21
4
21
8
90
16
68
7
22
19
4
57
49
62
20
14
27
19
8
9
18
43
435
15
24
17
14
24
114
16
17
18
16
16
9
21
32
67
1169
57
13
19
16
129
12
21
23
14
19
22
5
153
11
32
51
7
192
9
20
12
27
37
17
20
38
27
101
5
42
27
23
13
13
42
29
24
17
11
17
21
22
14
14
38
17
8
57
45
203
14
65
200
13
24
20
18
14
22
19
7
18
33
106
63
16
35
16
20
72
36
27
29
6
16
14
5
35
18
19
18
1244
2
28
62
5
10
59
54
189
274
115
481
8
45
201
31
2
10
18
25
5
84
36
7
26
29
4
2
25
78
41
86
5
54
20
540
26
14
31
23
59
4
29
16
18
110
13
39
15
17
84
6
59
2
78
13
21
74
30
2
31
145
17
2
53
16
13
27
38
16
17
12
46
17
20
4
5
11
13
46
2
15
17
15
11
19
8
107
18
6
26
245
168
525
34
8
18
17
7
15
9
5
3
5
3
3
4
4
3
2
8
55
7
7
2
36
8
19
5
6
6
3
2
3
3
6
11
2
2
4
2
10
4
3
153
13
20
14
309
215
42
12
18
4
27
6
80
14
66
13
7
4
5
278
8
18
56
38
8
8
65
15
33
24
51
20
38
22
2
21
14
3
25
52
21
6
14
10
45
13
22
66
158
19
3
17
4
13
11
15
54
23
19
9
10
4
30
13
37
8
3
39
18
5
5
17
2
69
24
2
17
6
41
20
10
17
13
17
16
43
18
44
7
2
9
18
28
5
4
7
4
5
16
6
16
6
19
46
86
5
15
242
2
19
8
13
5
3
51
15
19
6
14
88
17
12
27
44
135
19
28
19
19
32
33
20
19
63
20
7
19
7
29
14
45
12
2
17
21
16
8
36
22
8
29
74
13
18
16
13
17
4
16
15
9
9
19
4
146
26
31
1160
86
21
21
10
14
16
18
8
13
100
755
36
26
42
42
187
20
23
26
18
9
18
52
36
11
9
19
5
41
6
66
11
7
29
6
2
12
25
51
19
269
72
9
55
27
9
2
17
22
9
20
5
8
12
20
18
16
38
3
115
16
8
78
17
45
30
6
32
15
53
28
47
4
4
7
5
23
17
56
6
30
69
52
41
39
21
30
93
15
36
55
63
30
51
17
18
20
30
39
15
91
27
15
17
13
9
21
17
21
18
2
5
62
10
5
12
39
47
26
143
334
12
1845
77
5
38
119
31
31
17
115
191
50
68
24
10
26
61
10
57
44
34
45
39
37
55
21
14
24
57
354
23
14
57
36
5
15
19
76
14
7
12
29
93
24
51
22
44
15
5
53
72
33
54
16
404
36
11
27
27
59
38
55
173
24
23
112
40
39
303
17
9
15
41
16
6
18
8
7
41
27
20
20
168
11
5
25
18
25
29
17
19
19
8
18
15
40
6
18
20
29
10
27
48
74
19
34
5
36
10
25
69
14
17
25
8
19
8
26
6
2
18
37
32
36
19
25
135
17
11
4
19
2
13
40
6
4
29
6
15
20
36
43
56
41
22
79
75
75
80
35
17
15
29
23
24
20
10
16
8
6
45
23
32
66
37
6
86
46
26
32
10
88
25
5
6
7
77
20
7
22
60
15
17
20
18
5
23
19
5
18
48
21
7
13
33
10
11
15
19
18
72
10
14
22
7
16
25
41
39
11
240
27
32
35
24
29
11
45
8
10
9
95
9
8
41
15
26
44
119
30
23
15
1880
298
12
4
7
8
12
41
11
7
18
6
17
13
30
163
78
29
86
34
50
17
81
22
74
96
115
55
51
15
4
8
16
33
79
114
143
7
44
8
24
4
57
25
6
13
72
6
13
20
25
45
46
18
15
16
21
13
18
18
15
19
25
16
11
3
31
15
21
51
50
31
15
17
76
17
15
37
5
5
17
15
18
6
28
17
21
113
2
2
16
31
26
2
9
21
19
67
15
13
27
22
13
13
17
4
3
3
40
12
60
2
15
3
5
25
19
24
16
15
42
18
7
8
17
103
5
10
33
6
2
12
6
11
14
50
43
10
17
33
70
29
90
3
43
11
6
15
9
21
34
15
2
12
12
20
32
23
16
25
20
20
13
10
64
64
22
5
13
16
35
74
46
62
3
39
26
98
16
61
93
8
76
16
17
11
22
166
16
11
51
13
3
15
27
27
5
43
22
20
8
5
16
14
25
8
7
10
31
51
2
17
18
12
15
32
9
6
21
2
20
40
13
6
18
26
10
4
36
7
40
13
35
14
30
8
25
12
13
30
21
18
23
4
80
17
10
6
16
5
6
17
5
3
3
43
6
13
28
20
9
76
16
14
8
7
5
17
22
11
22
3
25
7
243
15
23
7
51
20
12
3
40
15
45
11
11
6
37
3
7
17
18
5
61
71
11
6
18
21
11
48
41
16
2
20
13
26
103
12
34
35
22
7
21
21
25
8
18
36
6
5
17
28
28
35
4
44
16
4
12
12
5
69
127
56
26
5
23
18
18
39
71
18
10
22
5
4
4
15
3
18
10
31
7
5
45
23
26
2
56
5
66
20
28
4
17
49
25
50
35
15
6
5
15
18
7
15
7
22
8
54
20
25
29
47
3
4
17
6
18
26
13
6
11
6
60
6
26
14
115
31
35
7
37
15
6
4
16
244
12
10
27
6
16
9
18
9
8
16
17
32
5
8
5
28
24
17
7
5
28
3
24
10
10
13
15
6
56
44
62
13
17
30
23
26
16
5
752
21
49
4
47
4
15
20
14
21
40
18
14
19
46
12
12
16
33
9
15
14
2
108
44
26
17
5
13
15
22
18
16
26
4
19
16
18
110
20
17
15
66
46
7
11
14
37
18
57
39
7
27
48
15
23
17
21
5
27
12
17
27
4
18
3
3
18
9
17
5
64
27
9
11
20
47
18
37
20
32
47
11
42
51
13
4
12
67
124
16
14
18
14
14
26
20
17
58
20
6
71
17
18
13
12
5
21
21
27
8
17
16
14
20
23
6
10
10
8
31
15
13
15
7
906
5
17
36
18
17
3
16
16
24
19
17
4
31
11
27
10
28
14
4
13
20
14
18
27
107
26
22
4
77
50
34
51
16
66
21
14
23
35
48
10
15
19
129
264
14
20
8
5
12
10
14
27
5
6
8
38
3
33
20
10
70
18
22
23
22
17
7
43
35
23
5
15
66
11
44
16
14
4
93
56
4
3
17
8
3
11
27
8
3
12
15
15
18
3
22
42
24
26
20
13
21
46
15
18
25
19
25
18
24
7
13
19
18
56
4
6
8
17
14
5
5
183
11
20
195
7
48
8
5
21
6
21
5
21
5
7
3
16
19
2
23
15
11
15
16
14
4
20
15
14
7
76
31
48
20
13
7
20
17
71
22
12
30
10
48
359
17
4
48
4
32
15
5
46
14
16
22
14
11
4
31
5
8
16
20
16
18
18
28
11
29
10
26
10
17
8
4
5
14
31
13
11
21
14
28
7
86
4
23
21
6
29
25
7
13
35
20
13
10
8
4
3
131
5
3
23
24
7
14
7
8
15
13
8
8
21
7
18
16
30
20
13
4
25
15
47
16
67
9
83
24
16
36
11
27
26
187
9
21
16
3
18
16
4
8
16
16
10
33
51
19
37
11
20
21
12
172
189
54
34
19
11
15
209
63
458
373
538
975
700
6
23
23
25
19
20
13
11
9
9
59
43
52
70
13
16
8
9
23
27
17
6
24
17
18
6
14
33
19
7
6
30
35
5
48
40
19
17
5
26
10
53
10
8
16
96
17
21
6
110
19
5
21
33
115
6
7
15
28
13
14
7
8
18
13
23
61
32
33
14
11
19
28
123
9
16
27
38
23
16
42
41
14
20
20
20
31
21
18
22
30
19
14
21
8
39
21
16
42
5
95
53
5
11
23
6
18
23
5
48
18
6
11
30
8
11
18
16
7
51
23
54
21
11
24
31
23
24
14
40
9
28
18
6
13
9
64
105
38
51
22
11
17
21
38
89
22
19
31
17
25
92
59
44
13
42
17
30
16
9
25
14
116
6
7
22
87
76
74
3
16
4
3
2
3
9
4
2
5
21
5
3
11
20
327
21
14
30
24
25
90
26
43
3
25
18
51
41
25
42
36
20
471
23
5
4
12
23
671
26
6
32
25
28
12
2
22
44
73
2
2
59
62
55
42
2
20
14
5
6
21
4
11
10
23
24
26
12
10
7
31
14
21
690
31
27
14
7
5
42
2
35
2
14
40
61
33
2
2
23
9
16
15
54
23
5
10
7
17
19
14
23
28
21
8
7
49
32
2
19
19
2
57
2
37
19
26
92
17
28
7
8
25
7
29
67
12
34
20
8
61
20
5
12
27
5
69
72
10
9
14
4
13
10
21
26
31
34
22
64
163
85
11
11
6
284
20
30
2254
17
110
23
8
23
28
7
19
11
27
20
208
3
12
3
48
21
7
14
9
9
35
68
108
11
95
555
64
36
28
105
64
2
6
17
5
4
2
52
8
79
24
56
3
4
25
3
163
14
34
23
12
24
24
13
6
21
21
10
25
4
38
11
6
30
311
50
4
56
10
22
227
122
28
6
70
9
54
9
20
20
15
12
45
18
19
18
50
18
33
4
95
18
3
338
10
6
13
7
9
21
57
5
26
25
146
31
52
11
25
15
57
22
9
4
12
13
68
17
7
7
19
42
17
12
24
10
156
45
130
87
23
14
6
14
19
39
7
5
365
23
4
14
4
3
4
3
12
3
7
3
5
3
4
4
7
9
39
16
2
207
14
46
57
33
20
22
30
31
25
8
8
16
21
29
21
58
17
21
15
24
63
14
90
55
20
8
11
22
51
14
60
31
268
10
214
23
23
18
9
4
18
15
66
24
35
32
46
40
144
13
16
24
13
69
203
20
13
7
30
13
48
32
71
29
8
48
9
26
2
10
14
16
2
17
22
11
41
14
16
28
20
39
17
28
8
18
23
7
60
24
30
5
49
9
12
38
244
40
13
91
24
9
39
41
20
17
14
25
14
19
8
23
14
26
21
39
11
14
87
16
43
183
35
50
13
20
14
18
64
35
21
81
9
32
27
131
26
33
17
132
25
2
22
54
39
17
62
18
7
53
19
19
30
15
47
13
11
14
20
10
18
18
29
50
12
4
17
54
5
27
156
61
21
41
18
35
10
4
30
44
30
26
23
281
15
10
9
15
28
63
7
1
21
21
14
24
45
13
16
14
14
14
14
214
6
86
95
4
2
3
509
116
67
16
24
19
30
15
41
38
2
40
2
5
19
16
33
3
60
15
31
23
21
19
55
19
23
5
52
17
28
18
18
41
35
32
19
34
20
19
672
17
22
6
7
38
103
29
44
27
476
31
28
12
22
12
22
12
67
53
690
27
4
27
41
7
17
22
9
20
6
8
16
13
113
61
48
7
13
7
4
67
4
21
18
3
2
33
39
30
83
4
8
247
63
24
25
20
73
7
29
5
18
2
16
5
121
12
16
53
16
12
51
33
16
25
57
14
33
20
14
19
75
54
29
200
44
10
23
36
9
25
28
3
47
19
13
39
27
11
16
8
46
10
34
7
23
16
6
182
44
55
44
21
255
16
12
19
417
11
15
5
23
16
186
19
17
116
22
52
36
27
17
48
16
211
6
86
3
87
23
5
19
21
15
2
32
48
10
25
9
32
5
32
16
15
3
10
5
16
22
46
264
33
80
38
18
37
13
26
43
8
96
7
48
16
47
30
73
56
18
2
110
53
44
38
51
53
20
364
7
252
231
44
82
40
43
15
36
150
1268
59
511
6
33
71
195
17
17
17
75
20
6
33
14
103
4
53
19
84
7
23
32
17
9
26
21
17
15
7
11
14
12
43
7
11
30
40
108
22
6
21
43
7
19
23
22
35
8
15
18
29
54
53
19
17
21
30
10
17
7
112
5
15
8
55
75
17
2
25
33
17
20
136
82
6
35
23
17
8
46
15
9
22
22
33
38
21
108
9
27
109
9
245
21
15
18
28
13
14
22
62
15
35
6
43
21
14
14
4
18
16
12
18
21
24
19
23
25
47
20
61
197
28
21
50
6
31
10
14
41
42
55
5
22
15
18
8
11
17
10
21
4
22
15
9
37
7
14
19
37
26
18
23
23
21
22
26
9
84
11
90
11
3
27
3
46
16
20
92
7
17
19
21
9
154
22
20
166
19
15
2
17
12
269
22
14
9
11
2
16
65
15
25
26
10
23
20
14
16
29
17
43
63
21
16
24
32
92
7
38
18
59
55
24
50
122
116
8
33
48
39
116
119
6
20
29
18
8
4
21
16
150
12
20
4
7
4
14
5
19
2
8
14
4
21
2
284
20
31
3
8
22
40
22
5
6
8
113
20
16
41
18
19
6
2
10
16
22
18
20
22
9
20
5
6
71
45
23
267
21
16
16
5
3
5
154
18
16
5
77
23
25
6
27
28
3
17
11
45
18
5
118
9
10
34
17
58
5
23
21
8
65
25
19
34
73
14
4
8
13
11
12
20
19
20
32
34
10
16
17
6
4
17
15
26
23
18
18
13
67
79
20
3
28
25
19
40
14
4
164
550
17
12
2
100
20
14
14
2
24
94
7
13
135
11
19
3
15
9
18
14
21
29
9
11
19
18
199
12
28
10
5
6
53
34
20
14
21
24
18
19
47
121
28
66
95
21
878
4
9
8
23
6
14
99
26
19
66
48
33
121
7
26
20
10
7
11
8
18
5
33
21
16
64
8
114
99
57
42
65
40
21
5
4
13
3
34
3
56
8
97
17
51
5
17
11
5
10
11
10
5
5
34
19
2
3
27
2
21
16
14
12
19
14
24
2
23
905
541
5
65
13
4
13
30
13
10
22
117
10
107
19
50
7
6
5
28
21
19
12
73
18
31
6
10
8
7
10
17
27
9
16
26
7
19
9
2
43
23
188
14
15
71
20
6
10
27
92
15
607
6
29
29
32
20
21
60
93
14
13
20
2
13
12
13
17
14
37
21
8
6
111
8
38
16
4
16
19
12
5
44
15
156
6
18
106
17
9
5
35
21
22
50
23
87
5
6
2
7
53
96
582
18
20
17
41
29
6
27
18
12
6
92
16
21
15
21
20
6
5
101
31
28
35
51
10
112
14
30
26
19
16
58
38
4
2
20
51
5
31
27
5
55
18
11
14
65
46
5
6
8
22
32
12
19
21
23
20
6
127
11
16
45
18
6
11
21
19
29
6
61
6
20
28
74
49
14
22
10
31
27
59
101
18
67
11
11
13
27
358
6
25
15
7
13
18
62
63
21
186
13
54
38
17
15
8
14
20
13
14
46
7
8
63
13
10
21
21
77
61
42
21
32
20
15
18
10
4
4
2
303
7
7
17
71
4
16
34
271
20
85
6
75
50
82
22
17
17
17
11
16
15
39
20
7
40
4
6
6
28
45
18
12
35
19
26
17
33
12
11
65
27
18
5
7
37
4
223
18
23
26
5
16
5
130
15
38
182
27
6
15
51
19
13
10
18
36
18
24
37
37
25
71
27
111
13
135
22
25
7
25
34
76
30
175
108
22
23
15
76
224
34
18
23
5
15
20
330
6
65
25
10
58
47
46
17
41
35
18
8
23
10
32
52
958
22
46
8
35
17
24
35
7
31
11
9
16
27
5
65
7
29
149
22
29
5
17
34
12
28
29
8
21
2
29
12
15
22
15
26
17
4
2
37
15
15
30
45
59
33
2
17
36
69
7
41
18
6
3
28
40
37
19
13
76
5
8
86
10
2
9
3
2
47
50
3
33
16
4
825
1120
28
147
8
6
15
13
3
15
22
16
13
39
5
104
20
15
26
9
25
26
23
9
24
51
16
13
24
7
8
15
23
38
38
28
17
24
61
28
138
128
14
4
12
170
14
44
27
17
979
7
43
71
32
15
20
10
7
60
44
15
34
10
18
12
18
33
43
11
12
5
21
25
5
264
7
19
13
31
127
20
14
12
12
17
13
13
8
64
23
16
19
39
14
10
29
5
63
41
20
18
13
79
20
38
25
6
27
5
16
3
14
9
17
26
56
22
18
35
29
60
69
24
184
40
34
21
47
62
15
1316
16
47
31
7
8
7
25
2
17
39
74
21
24
8
39
9
7
20
10
37
18
30
34
19
23
20
2
21
20
80
20
39
169
24
19
21
256
607
80
94
21
55
53
42
308
458
52
10
41
7
249
11
167
89
20
18
13
33
18
104
17
27
39
38
7
81
74
4
17
71
62
12
12
15
2
6
18
16
4
10
6
23
239
20
8
35
334
22
20
34
74
17
45
5
126
24
15
33
73
9
23
44
14
15
5
206
13
24
54
7
6
14
14
6
44
16
13
5
5
63
40
22
90
16
4
18
22
42
643
25
30
13
21
35
7
26
36
29
15
17
7
30
15
20
26
214
14
40
26
16
18
111
54
15
19
17
21
256
12
24
16
14
9
563
30
22
38
33
26
19
16
22
8
18
23
85
17
1209
5
3
28
16
5
27
30
24
29
18
21
340
48
19
2
44
27
19
38
39
15
6
47
25
19
14
16
14
21
25
14
11
16
15
14
15
17
14
4
91
15
2
10
21
7
53
14
3
18
14
19
16
22
7
9
39
7
4
17
17
15
20
11
24
31
44
148
20
3
8
26
10
13
2
3
12
55
22
9
3
9
55
7
69
50
20
16
31
25
13
53
10
9
58
932
15
555
44
19
22
14
7
32
9
23
20
31
27
32
20
19
24
19
8
22
20
21
80
25
25
46
21
107
14
55
100
15
10
7
4
24
24
81
5
21
13
52
6
23
46
60
13
27
59
24
17
11
21
7
19
7
7
15
24
13
14
10
9
17
11
15
5
35
6
40
29
14
16
17
25
20
16
15
7
282
31
9
16
7
70
11
17
6
18
17
14
16
5
15
92
26
17
5
32
124
161
50
28
19
23
5
12
86
16
1517
23
19
34
8
7
32
21
15
19
45
19
17
9
41
30
17
28
23
26
12
8
5
8
11
36
2
8
38
7
20
17
7
23
32
19
16
19
50
17
19
14
6
93
101
20
30
8
35
45
9
259
64
61
42
19
19
12
17
45
27
23
11
42
13
46
231
22
46
26
34
15
34
28
35
26
17
32
100
386
33
23
25
61
64
34
22
30
65
12
19
25
185
21
7
13
67
92
14
12
38
52
21
21
25
1162
263
42
13
57
33
51
11
9
14
13
29
6
30
10
24
709
20
46
34
32
25
13
42
69
21
44
27
13
7
26
34
45
50
25
18
23
34
24
24
58
6
12
21
11
78
17
7
129
12
19
12
25
20
20
24
22
47
16
18
2
32
15
9
35
238
84
28
31
15
16
19
16
30
22
9
11
12
8
11
54
19
19
36
28
143
33
31
51
39
67
141
27
49
53
990
12
13
17
4
10
6
44
30
56
25
8
129
19
16
7
134
147
249
7
16
21
9
11
25
106
57
18
21
5
26
42
28
34
28
50
12
19
371
26
39
7
20
22
24
34
10
80
25
488
18
6
17
21
5
8
34
18
11
22
5
14
9
17
20
55
18
39
27
33
324
223
16
622
19
184
7
2
7
2
47
13
12
16
15
22
17
248
62
24
11
25
19
4
22
17
13
105
465
21
9
27
25
30
15
6
91
33
336
14
15
28
20
19
7
21
7
9
17
43
53
19
33
396
12
15
10
23
35
22
16
19
9
17
45
5
29
17
107
30
17
22
35
13
147
113
14
32
46
40
6
227
37
15
16
3
19
13
21
19
25
20
21
30
42
19
12
18
5
15
29
6
16
17
6
15
21
24
11
48
26
24
5
37
86
24
16
8
16
21
6
2
19
24
36
57
7
18
25
80
24
84
119
23
6
12
21
15
9
25
5
22
10
34
31
31
18
28
172
24
22
28
17
8
8
17
49
36
20
28
6
198
42
201
98
95
23
28
223
148
9
24
19
36
6
12
12
8
10
6
7
4
9
6
3
5
6
8
41
2
2
13
20
20
17
56
43
9
29
86
37
280
17
11
7
24
17
38
6
23
21
17
11
15
9
21
27
9
8
16
15
29
17
36
15
6
35
22
29
11
29
31
11
37
50
33
5
18
21
22
40
19
27
21
25
21
17
56
23
6
24
10
8
61
61
41
14
23
5
2
10
38
19
109
9
128
43
8
70
20
16
23
15
54
43
86
20
13
27
11
8
52
4
40
2
144
23
35
19
17
13
51
40
4
29
19
47
35
21
22
8
16
12
14
13
15
25
43
8
2
7
38
8
19
50
38
10
6
37
27
147
30
5
20
71
8
17
17
24
19
16
19
19
26
5
10
8
8
18
5
49
17
9
15
11
20
63
7
9
84
6
46
9
13
16
19
27
51
15
38
4
95
4
22
19
46
6
9
73
14
30
19
48
8
15
5
16
6
43
6
12
28
76
18
14
2
139
31
28
29
55
50
28
18
54
33
17
6
2
21
22
65
30
21
42
71
10
21
8
53
40
22
25
74
18
13
36
22
24
42
17
24
48
20
13
18
15
24
179
51
21
44
33
20
17
14
28
28
20
36
26
3
21
9
8
20
24
35
19
9
20
62
3
12
18
19
16
19
6
23
15
2
52
14
61
40
24
15
36
8
23
30
22
10
13
26
44
165
19
5
31
25
17
13
22
6
45
48
2
14
29
35
22
83
3
2
14
10
3
16
13
7
162
622
26
89
16
11
32
10
58
23
44
75
10
39
16
94
32
11
23
15
26
9
12
23
35
101
34
6
51
22
47
8
62
16
15
2
49
21
37
80
64
19
121
12
44
16
10
6
3
6
5
15
10
2
421
149
15
2
11
10
9
8
6
21
18
24
29
24
6
7
2
60
18
27
20
7
23
11
41
26
17
15
8
20
19
2
9
17
7
33
6
13
7
21
40
4
21
12
26
10
16
41
54
38
10
4
117
54
24
33
75
72
35
42
8
7
23
16
26
39
6
21
7
19
23
38
68
38
17
44
5
7
139
17
17
26
17
37
6
2
33
112
6
33
6
25
494
88
56
56
13
49
33
55
9
31
7
18
60
12
16
7
30
28
11
20
19
11
18
217
17
14
5
3
9
6
16
15
43
18
36
16
21
11
101
14
28
167
97
6
13
3
10
102
26
34
35
28
3
48
12
19
366
26
191
27
14
17
61
12
27
6
16
13
4
43
577
20
33
4
23
19
60
22
78
43
23
6
39
19
204
45
24
10
21
19
15
25
44
9
18
9
45
7
21
17
36
389
50
16
21
25
15
8
9
74
3
44
19
17
13
27
30
71
36
13
106
36
8
8
20
55
38
10
9
2
35
13
6
6
33
13
2
24
54
44
13
16
13
2
5
8
22
34
6
22
28
38
9
19
50
35
6
96
25
22
16
74
20
36
234
35
75
622
20
43
35
232
8
5
14
11
1436
12
34
13
185
26
14
4
6
54
29
18
37
10
9
16
9
7
25
56
20
15
20
58
38
26
82
9
6
19
29
19
25
20
68
518
44
20
28
11
26
5
38
6
20
53
26
34
26
7
25
14
56
2676
106
25
15
71
35
15
18
20
20
32
31
41
23
29
22
10
7
25
15
6
17
17
26
25
47
13
23
19
46
14
29
33
14
34
55
22
9
24
56
111
45
22
17
28
19
15
18
24
43
8
33
7
8
14
29
20
17
14
27
89
5
8
23
3
20
8
17
26
6
18
13
32
23
4
54
17
272
15
27
65
2
16
8
6
187
69
13
22
17
15
13
21
7
7
8
17
6
191
15
13
9
14
13
15
10
21
14
34
21
12
17
6
11
16
52
186
76
235
0
